0 8.871134
0 8.871134
0 8.871134
5.162104182033023	0.9325950761279372	8.653744050083116	0.9995939347097398
4.701077755	4.168971595067892	2.7082479299197724	0.9995939347097398
5.434008494858713	7.781895009	3.7969391791142804	0.9995939347097398
2.3851353581260004	1.736467932246292	0.9628742908642239	0.9995939347097398
4.469777243964304	7.988030188242042	0.25237056401745306	0.9995939347097398
2.6793435771601164	6.931379492900417	1.3151215299380146	0.9995939347097398
7.055282257827428	6.641797917571668	4.096234026350588	0.9995939347097398
3.0214445246658084	0.6375596541982096	5.838591973798359	0.9995939347097398
8.380326329813181	4.981300214768795	0.7516598238977935	0.9995939347097398
2.6189291799636596	5.527586063911893	8.701244618427443	0.9995939347097398
2.5375480184983563	8.218261157767675	8.652312074559603	0.9995939347097398
5.9746333581202435	2.6538148513424846	2.291749915547023	0.9995939347097398
1.9035713368602163	3.23217995	2.5382338553795494	0.9995939347097398
0.634538236	2.3939835258651336	3.8504029217631466	0.9995939347097398
8.721991977291891	4.109553661874563	4.596757370632379	0.9995939347097398
8.263958561238116	8.612103007492971	1.7154197211102271	0.9995939347097398
0.7881188395457192	4.939609379	8.072798483707452	0.9995939347097398
3.159528191512328	3.6626280849856947	1.0086841367777302	0.9995939347097398
8.313407469391693	1.8092446544718033	8.100670377379329	0.9995939347097398
5.326112551864119	0.32808798171462017	1.8394813874598677	0.9995939347097398
2.866504678589031	7.586313934257475	3.2056125821748243	0.9995939347097398
4.506311251015627	7.238665818464874	2.107281324661563	0.9995939347097398
6.5457462016254775	7.609010486648542	2.0288169172450488	0.9995939347097398
6.9246406316294005	0.885693463	0.7427582404980955	0.9995939347097398
3.682276212	2.475636922339637	3.0748336210200886	0.9995939347097398
6.043169295017507	2.659696628590196	0.27701518967798316	0.9995939347097398
3.817093645625335	3.9334277357753153	4.522094060534814	0.9995939347097398
7.266443285237284	8.592190348959868	3.6541023522131453	0.9995939347097398
7.872306841524688	3.7697340537954878	8.044107649635798	0.9995939347097398
7.855846936955292	6.0835401425558056	2.344264107475723	0.9995939347097398
5.193779361339813	4.453907483868639	0.030961213	0.9995939347097398
3.1432487075711535	2.5594092463482503	6.547219482	0.9995939347097398
8.633866047	3.6810806628218917	2.5773751411827277	0.9995939347097398
1.4473972736550227	4.712064633656757	1.2559324185151772	0.9995939347097398
3.3450091814596283	0.072301809	1.6069897471630317	0.9995939347097398
6.4840080929951585	0.37245518453646737	7.240679934	0.9995939347097398
8.774820567	8.463161342	5.332743764779631	0.9995939347097398
0.006797621	6.1413060192463345	4.805858980626924	0.9995939347097398
5.824675499078241	5.845412384305057	2.687562595150672	0.9995939347097398
4.241012138651186	2.8013128739571997	8.236696047868636	0.9995939347097398
1.4992336272638627	8.861889215476708	7.059513567865467	0.9995939347097398
6.4186871017604465	1.4198158044665676	5.5201257569923605	0.9995939347097398
4.0362267269967065	5.456527590674809	1.3207822953287958	0.9995939347097398
5.045064938083193	6.800670283693457	6.346934456561986	0.9995939347097398
6.510688995941729	2.549758972	7.186320929034771	0.9995939347097398
7.013797211889071	3.821017620288979	5.686562043	0.9995939347097398
6.013275567464209	6.158730392112456	0.7096066121256829	0.9995939347097398
0.8806713451780078	2.9171929353370554	0.3567508906459545	0.9995939347097398
2.320842639590146	3.631065916312227	8.033679232432604	0.9995939347097398
2.9153845646143397	6.791380391756747	7.1542917070327245	0.9995939347097398
4.810039158	1.4604651670517863	6.756073777225505	0.9995939347097398
7.544555057576683	1.4019441401442672	2.5842987259100814	0.9995939347097398
5.921459578564893	4.784380501444721	7.064799942799066	0.9995939347097398
8.079270845166345	8.700032927	8.355008497720119	0.9995939347097398
6.806822917872324	8.124016446404692	5.588811272056579	0.9995939347097398
0.26159525679270956	0.45432981605938527	3.472494630621562	0.9995939347097398
2.4670801046662443	2.348435424693439	4.668948483199588	0.9995939347097398
1.349064863794476	1.9561921971731784	7.470131483806916	0.9995939347097398
8.526656010211134	4.949690997004266	6.410439651609012	0.9995939347097398
4.959737682857069	3.3344752005073803	6.063793249693648	0.9995939347097398
4.399091378332498	1.8251809863235757	4.830038037460208	0.9995939347097398
5.675517724	3.2392965949492174	4.194894678189738	0.9995939347097398
7.892442962776772	2.6306051600595435	1.0407984410257412	0.9995939347097398
4.175013558366976	6.156783594236539	3.8015414103720877	0.9995939347097398
3.5238564234268255	5.596864019526869	5.619849535	0.9995939347097398
7.824475058570911	7.022228094373688	0.5685947860578718	0.9995939347097398
7.478759104716675	5.737391267129274	7.933909476466261	0.9995939347097398
4.358872954599917	2.065512244781801	1.2326320473894887	0.9995939347097398
5.513646994	5.083631427849728	5.062721952905695	0.9995939347097398
7.544406523677728	2.511719838886107	4.258331382649674	0.9995939347097398
4.086536473693649	8.429200993939334	7.195280152	0.9995939347097398
1.839149296011007	4.2363469607245925	4.353322264836125	0.9995939347097398
3.9776504323791646	0.36270030315130053	3.5203995733702627	0.9995939347097398
3.3646128486485973	7.580378978896839	5.323501123865258	0.9995939347097398
7.072642493336504	4.517658304783561	3.5276362959044087	0.9995939347097398
0.6724776868312399	7.358859878104232	3.3299264225872927	0.9995939347097398
1.0647580997554513	3.2511135463254712	5.951405360136064	0.9995939347097398
1.3950242645882995	8.529025922126827	1.8577214704030194	0.9995939347097398
2.025274588313557	6.235412223567413	4.430634339	0.9995939347097398
6.950952972094345	6.165876137603404	6.041426907	0.9995939347097398
1.6678436414222042	5.153824742930547	6.272623214040446	0.9995939347097398
1.0730589447332368	6.932424355047441	8.158559481861715	0.9995939347097398
0.5961430623869438	1.733477578	1.9542221859402018	0.9995939347097398
3.1237998768699935	1.147627695939336	7.978015615794076	0.9995939347097398
1.7649453430603366	8.555846551733328	4.574852171497563	0.9995939347097398
8.195599264970925	2.191318812773532	6.129808639271727	0.9995939347097398
0.9729166439297809	0.6073323286275316	0.066523505	0.9995939347097398
6.597905485212105	4.398754392347178	1.4985539854814265	0.9995939347097398
2.7257612248383642	5.164531965153523	2.8084479367264326	0.9995939347097398
0.7070843836077979	6.594430610810884	1.4524447176562754	0.9995939347097398
5.8370192587024885	1.1364297847162612	3.610718400485457	0.9995939347097398
1.2618043320485626	7.131683835294683	6.059771962131707	0.9995939347097398
2.1459786411483575	1.1016555224140077	3.087742401865814	0.9995939347097398
0.7435622581757841	5.365030777477915	3.0679938797211515	0.9995939347097398
1.0265506287933892	1.2655323719510776	5.578319570383031	0.9995939347097398
4.550706370946125	6.214663747	8.200081495500942	0.9995939347097398
4.929386299	8.842743318857089	5.420346646306938	0.9995939347097398
8.342675556217918	7.2821411387121495	6.957373214537382	0.9995939347097398
6.2543455195839694	7.3769527928600835	7.9713975220198074	0.9995939347097398
3.9328971744655212	4.548272799575364	7.280023426676586	0.9995939347097398
5.162104182033023	9.803728672737734	8.653744050083116	0.9995939347097398
5.162104182033023	0.9325950761279372	-0.217389547	0.9995939347097398
5.162104182033023	9.803728672737734	-0.217389547	0.9995939347097398
2.3851353581260004	1.736467932246292	9.834007887474021	0.9995939347097398
4.469777243964304	-0.883103408	0.25237056401745306	0.9995939347097398
4.469777243964304	7.988030188242042	9.123504160627249	0.9995939347097398
4.469777243964304	-0.883103408	9.123504160627249	0.9995939347097398
3.0214445246658084	9.508693250808006	5.838591973798359	0.9995939347097398
-0.490807267	4.981300214768795	0.7516598238977935	0.9995939347097398
8.380326329813181	4.981300214768795	9.622793421	0.9995939347097398
-0.490807267	4.981300214768795	9.622793421	0.9995939347097398
2.6189291799636596	5.527586063911893	-0.169888978	0.9995939347097398
2.5375480184983563	-0.652872439	8.652312074559603	0.9995939347097398
2.5375480184983563	8.218261157767675	-0.218821522	0.9995939347097398
2.5375480184983563	-0.652872439	-0.218821522	0.9995939347097398
9.505671832565849	2.3939835258651336	3.8504029217631466	0.9995939347097398
-0.149141619	4.109553661874563	4.596757370632379	0.9995939347097398
-0.607175035	8.612103007492971	1.7154197211102271	0.9995939347097398
8.263958561238116	-0.259030589	1.7154197211102271	0.9995939347097398
-0.607175035	-0.259030589	1.7154197211102271	0.9995939347097398
9.659252436155516	4.939609379	8.072798483707452	0.9995939347097398
0.7881188395457192	4.939609379	-0.798335113	0.9995939347097398
9.659252436155516	4.939609379	-0.798335113	0.9995939347097398
-0.557726127	1.8092446544718033	8.100670377379329	0.9995939347097398
8.313407469391693	1.8092446544718033	-0.770463219	0.9995939347097398
-0.557726127	1.8092446544718033	-0.770463219	0.9995939347097398
5.326112551864119	9.199221578324417	1.8394813874598677	0.9995939347097398
6.9246406316294005	9.756827059920749	0.7427582404980955	0.9995939347097398
6.9246406316294005	0.885693463	9.613891837107893	0.9995939347097398
6.9246406316294005	9.756827059920749	9.613891837107893	0.9995939347097398
6.043169295017507	2.659696628590196	9.148148786	0.9995939347097398
7.266443285237284	-0.278943248	3.6541023522131453	0.9995939347097398
-0.998826755	3.7697340537954878	8.044107649635798	0.9995939347097398
7.872306841524688	3.7697340537954878	-0.827025947	0.9995939347097398
-0.998826755	3.7697340537954878	-0.827025947	0.9995939347097398
5.193779361339813	4.453907483868639	8.902094809187801	0.9995939347097398
-0.23726755	3.6810806628218917	2.5773751411827277	0.9995939347097398
3.3450091814596283	8.943435405858231	1.6069897471630317	0.9995939347097398
6.4840080929951585	9.243588781146263	7.240679934	0.9995939347097398
-0.096313029	8.463161342	5.332743764779631	0.9995939347097398
8.774820567	-0.407972255	5.332743764779631	0.9995939347097398
-0.096313029	-0.407972255	5.332743764779631	0.9995939347097398
8.877931217204605	6.1413060192463345	4.805858980626924	0.9995939347097398
4.241012138651186	2.8013128739571997	-0.634437549	0.9995939347097398
1.4992336272638627	-0.009244381	7.059513567865467	0.9995939347097398
6.013275567464209	6.158730392112456	9.580740209	0.9995939347097398
9.751804941787805	2.9171929353370554	0.3567508906459545	0.9995939347097398
0.8806713451780078	2.9171929353370554	9.227884487255752	0.9995939347097398
9.751804941787805	2.9171929353370554	9.227884487255752	0.9995939347097398
2.320842639590146	3.631065916312227	-0.837454364	0.9995939347097398
-0.791862751	8.700032927	8.355008497720119	0.9995939347097398
8.079270845166345	-0.171100669	8.355008497720119	0.9995939347097398
8.079270845166345	8.700032927	-0.516125099	0.9995939347097398
-0.791862751	-0.171100669	8.355008497720119	0.9995939347097398
-0.791862751	8.700032927	-0.516125099	0.9995939347097398
8.079270845166345	-0.171100669	-0.516125099	0.9995939347097398
-0.791862751	-0.171100669	-0.516125099	0.9995939347097398
6.806822917872324	-0.74711715	5.588811272056579	0.9995939347097398
9.132728853402506	0.45432981605938527	3.472494630621562	0.9995939347097398
0.26159525679270956	9.325463412669182	3.472494630621562	0.9995939347097398
9.132728853402506	9.325463412669182	3.472494630621562	0.9995939347097398
-0.344477586	4.949690997004266	6.410439651609012	0.9995939347097398
-0.978690634	2.6306051600595435	1.0407984410257412	0.9995939347097398
7.824475058570911	7.022228094373688	9.439728382667669	0.9995939347097398
7.478759104716675	5.737391267129274	-0.93722412	0.9995939347097398
4.086536473693649	-0.441932603	7.195280152	0.9995939347097398
3.9776504323791646	9.233833899761096	3.5203995733702627	0.9995939347097398
9.543611283441036	7.358859878104232	3.3299264225872927	0.9995939347097398
1.3950242645882995	-0.342107674	1.8577214704030194	0.9995939347097398
1.0730589447332368	6.932424355047441	-0.712574115	0.9995939347097398
9.467276659	1.733477578	1.9542221859402018	0.9995939347097398
3.1237998768699935	1.147627695939336	-0.893117981	0.9995939347097398
1.7649453430603366	-0.315287045	4.574852171497563	0.9995939347097398
-0.675534332	2.191318812773532	6.129808639271727	0.9995939347097398
9.844050240539577	0.6073323286275316	0.066523505	0.9995939347097398
0.9729166439297809	9.478465925237328	0.066523505	0.9995939347097398
0.9729166439297809	0.6073323286275316	8.937657101381372	0.9995939347097398
9.844050240539577	9.478465925237328	0.066523505	0.9995939347097398
9.844050240539577	0.6073323286275316	8.937657101381372	0.9995939347097398
0.9729166439297809	9.478465925237328	8.937657101381372	0.9995939347097398
9.844050240539577	9.478465925237328	8.937657101381372	0.9995939347097398
9.578217980217595	6.594430610810884	1.4524447176562754	0.9995939347097398
9.614695855	5.365030777477915	3.0679938797211515	0.9995939347097398
4.550706370946125	6.214663747	-0.671052101	0.9995939347097398
4.929386299	-0.028390278	5.420346646306938	0.9995939347097398
-0.52845804	7.2821411387121495	6.957373214537382	0.9995939347097398
6.2543455195839694	7.3769527928600835	-0.899736075	0.9995939347097398